AminoAcid,A,C,D,E,F,G,H,I,K,L,M,N,P,Q,R,S,T,V,W,Y
A,0,195,126,107,113,60,86,94,106,96,84,111,27,91,112,99,58,64,148,112
C,195,0,154,170,205,159,174,198,202,198,196,139,169,154,180,112,149,192,215,194
D,126,154,0,45,177,94,81,168,101,172,160,23,108,61,96,65,85,152,181,160
E,107,170,45,0,140,98,40,134,56,138,126,42,93,29,54,80,65,121,152,122
F,113,205,177,140,0,153,100,21,102,22,28,158,114,116,97,155,103,50,40,22
G,60,159,94,98,153,0,98,135,127,138,127,80,42,87,125,56,59,109,184,147
H,86,174,81,40,100,98,0,94,32,99,87,68,77,24,29,89,47,84,115,83
I,94,198,168,134,21,135,94,0,102,5,10,149,95,109,97,142,89,29,61,33
K,106,202,101,56,102,127,32,102,0,107,95,94,103,53,26,121,78,97,110,85
L,96,198,172,138,22,138,99,5,107,0,15,153,98,113,102,145,92,32,61,36
M,84,196,160,126,28,127,87,10,95,15,0,142,87,101,91,135,81,21,67,36
N,111,139,23,42,158,80,68,149,94,153,142,0,91,46,86,46,65,133,174,143
P,27,169,108,93,114,42,77,95,103,98,87,91,0,76,103,74,38,68,147,110
Q,91,154,61,29,116,87,24,109,53,113,101,46,76,0,43,68,42,96,130,99
R,112,180,96,54,97,125,29,97,26,102,91,86,103,43,0,110,71,96,101,77
S,99,112,65,80,155,56,89,142,121,145,135,46,74,68,110,0,58,124,177,144
T,58,149,85,65,103,59,47,89,78,92,81,65,38,42,71,58,0,69,128,92
V,64,192,152,121,50,109,84,29,97,32,21,133,68,96,96,124,69,0,88,55
W,148,215,181,152,40,184,115,61,110,61,67,174,147,130,101,177,128,88,0,37
Y,112,194,160,122,22,147,83,33,85,36,36,143,110,99,77,144,92,55,37,0